%YAML:1.0
---
myHogDector: !!opencv-object-detector-hog
   winSize: [ 64, 128 ]
   blockSize: [ 16, 16 ]
   blockStride: [ 8, 8 ]
   cellSize: [ 8, 8 ]
   nbins: 9
   derivAperture: 1
   winSigma: 4.
   histogramNormType: 0
   L2HysThreshold: 2.0000000000000001e-01
   gammaCorrection: 1
   nlevels: 64
   signedGradient: 0
   SVMDetector: [ 1.06345695e-02, -2.51169894e-02, -1.42644700e-02,
       3.26339379e-02, 2.12241951e-02, -2.44474970e-02, -1.70392338e-02,
       -4.79433052e-02, 6.48038695e-03, 2.16484275e-02, -3.09510762e-03,
       6.01889798e-03, 8.95722769e-03, 1.49971750e-02, 4.53528427e-02,
       1.34258391e-02, 2.49944697e-03, 1.29456259e-02, 4.10899371e-02,
       -3.84328468e-03, -2.73020542e-03, 4.58411202e-02, -2.14914735e-02,
       -1.30958334e-02, -3.07245161e-02, -4.10130955e-02, 1.75994895e-02,
       2.71200985e-02, 2.02441774e-02, -8.58081970e-03, 3.18384171e-02,
       -2.49129832e-02, 1.41972499e-02, -1.20096281e-02, -5.63686388e-03,
       -5.06573217e-03, 1.03261191e-02, -1.70057397e-02, 1.04238447e-02,
       4.45147371e-03, 1.58575047e-02, 1.73501875e-02, -2.15675333e-03,
       3.28083686e-03, 9.49768163e-03, -1.19225893e-04, 1.02748759e-02,
       2.30055377e-02, 2.40124688e-02, -7.48316234e-04, 8.64272285e-03,
       1.92668699e-02, 1.03019811e-02, -3.89814214e-03, 1.43998442e-02,
       3.02848406e-03, 9.54700354e-03, 1.87041033e-02, 1.39858443e-02,
       1.38191110e-03, -2.28999835e-02, -2.49839411e-03, -8.65781959e-03,
       3.60293463e-02, -3.81161924e-03, -1.02664111e-02, 1.09299896e-02,
       -5.72374230e-03, 1.57702398e-02, 1.53951058e-02, 1.10936547e-02,
       2.19600368e-02, 1.41040888e-03, 2.35477239e-02, 3.17286365e-02,
       7.53567694e-03, 1.42825227e-02, 1.36524504e-02, -2.01178845e-02,
       -1.15458453e-02, -7.35485414e-03, 6.67575374e-03, 2.42214557e-02,
       3.22636440e-02, 2.78608478e-03, 2.64626406e-02, 2.86967903e-02,
       -1.76536348e-02, 3.09151481e-03, 2.65508890e-02, 6.12235256e-03,
       -1.78887858e-05, 7.17372727e-03, 1.33702271e-02, -2.00055772e-03,
       9.77572892e-03, 1.17341978e-02, 1.85624734e-02, 1.89635605e-02,
       1.95470862e-02, -1.50795411e-02, 6.04187138e-03, 1.91563531e-03,
       -1.84944663e-02, 9.20818187e-03, 8.67418945e-03, 2.12065447e-02,
       7.80131575e-03, 1.34874415e-02, 3.26248184e-02, -6.10279525e-03,
       -2.17780899e-02, 5.83750708e-03, 1.11929476e-02, 2.68231588e-03,
       7.60117965e-03, 2.71209911e-03, -1.06300274e-02, 8.85198265e-03,
       -4.30829562e-02, -2.08880622e-02, -2.51889508e-02,
       -3.61542776e-03, -2.10944768e-02, -1.11746276e-03,
       -9.37713124e-03, 2.01684386e-02, 1.00466358e-02, 1.99260898e-02,
       1.45493252e-02, -4.88412241e-03, 3.19972693e-04, 6.44911255e-04,
       1.97023861e-02, -5.44456532e-03, 1.13606164e-02, -2.26233830e-03,
       -1.14003038e-02, -8.68940260e-03, -1.58317089e-02,
       -9.72434133e-03, -2.44046263e-02, -1.27314515e-02, 2.26145107e-02,
       -2.02129409e-02, 2.11746134e-02, -2.27216650e-02, 4.08731215e-03,
       -1.09985378e-02, -6.20010309e-04, -1.20005663e-02, 3.26202985e-06,
       4.71224212e-06, -3.53715383e-02, 2.04268354e-03, -2.86220405e-02,
       -2.07786132e-02, 1.94810908e-02, -1.89416334e-02, -3.38406838e-03,
       -6.06887741e-03, 1.13661299e-02, 2.44512353e-02, 4.82186750e-02,
       1.28956875e-02, 8.78564268e-03, 4.55013197e-03, 1.93112344e-02,
       7.07369111e-03, 1.89598110e-02, 5.54011762e-03, -3.52302603e-02,
       1.12005963e-03, -9.07632243e-03, 2.47247797e-03, 3.01190000e-02,
       -2.12870096e-03, -2.17077701e-04, 1.34039973e-03, -9.04273707e-03,
       -6.64326316e-03, -1.99602190e-02, -3.64345759e-02,
       -9.62709077e-03, 5.99546637e-03, 1.14151894e-03, -5.75395115e-03,
       -3.08825960e-03, 2.25159265e-02, -1.10949809e-02, -1.15366047e-02,
       -2.90311836e-02, 1.15966063e-03, 5.43452799e-03, -2.48517469e-02,
       -3.82450633e-02, -1.86156165e-02, -8.21823813e-03, 5.63988416e-03,
       6.45163003e-03, -2.24652700e-02, 3.32664847e-02, 1.64494682e-02,
       3.09702605e-02, -2.13205926e-02, 1.44146699e-02, -1.48478579e-02,
       3.52377561e-03, 2.39705592e-02, -1.97611153e-02, 2.33043917e-03,
       3.35586164e-03, 1.00552002e-02, -2.29091533e-02, -1.35402679e-02,
       -1.29811550e-02, -3.65353585e-03, -6.79090992e-03,
       -1.82820950e-02, 1.30973328e-02, 2.62247473e-02, 3.41998576e-03,
       6.23070926e-04, 2.15981882e-02, 3.13216299e-02, -2.29245853e-02,
       -4.12754714e-02, -5.42961992e-02, -2.46087834e-02,
       -1.88169461e-02, -3.75811793e-02, -2.91867945e-02, 3.81600112e-02,
       8.56047496e-03, 3.65986512e-03, 1.28851167e-03, -6.26081647e-03,
       2.86523271e-02, 2.42074244e-02, 1.71891339e-02, 1.26644289e-02,
       1.27088074e-02, 7.54631823e-03, -2.61621624e-02, -1.04507208e-02,
       -1.87872034e-02, 6.56643230e-03, -1.68711748e-02, 1.73488781e-02,
       -1.19373770e-02, 1.34924594e-02, -8.38628039e-03, 5.50635532e-03,
       -7.53122475e-03, -4.62837555e-02, -1.76228359e-02, 1.00956094e-02,
       -1.37334354e-02, -3.51726934e-02, 4.53701383e-03, -8.05282441e-04,
       -8.56647093e-04, 4.96502453e-03, -1.49260769e-02, -4.09572534e-02,
       4.91681451e-04, -1.50334798e-02, -2.88457163e-02, 1.26443068e-02,
       -2.73980424e-02, 9.11970716e-03, 2.59467680e-02, 1.19710611e-02,
       4.02241722e-02, 2.11928971e-02, 1.58140287e-02, -1.64779704e-02,
       1.03788376e-02, 4.25132876e-03, -1.34205474e-02, -1.37491114e-02,
       -2.59119570e-02, -6.97485870e-03, -1.44409081e-02,
       -1.03183370e-02, -2.29026396e-02, 8.80799349e-03, -2.19252706e-02,
       -2.50821076e-02, 8.33833683e-03, 2.75895186e-02, -3.96197289e-03,
       -8.53321608e-03, -5.84055716e-03, -2.30363067e-02, 1.75821241e-02,
       -8.80383234e-03, -1.26890065e-02, 1.59394853e-02, 1.29089167e-03,
       1.07117295e-02, -2.07792735e-03, 9.65105928e-03, -2.13381387e-02,
       1.15101663e-02, -1.06885210e-02, -9.68277454e-03, -1.52620748e-02,
       7.41617568e-03, 1.57269381e-03, -1.72829553e-02, 1.08214736e-03,
       -1.27303600e-02, 2.69990880e-02, 7.16277491e-03, -2.91088782e-02,
       -8.84954992e-04, 6.69414178e-03, 3.11866659e-03, -7.75042281e-04,
       1.58495072e-03, 5.60832629e-03, 1.38317067e-02, -3.08674877e-03,
       -2.03861576e-02, -1.24945687e-02, -1.68234874e-02, 4.87504853e-03,
       -6.77268021e-03, 1.59914028e-02, -1.23020355e-02, -4.23023803e-03,
       -5.63751208e-03, -5.60761010e-03, -1.92399472e-02,
       -3.34558487e-02, -2.48472262e-02, -1.08447578e-03, 1.32197626e-02,
       -2.01012529e-02, -1.62229594e-02, 9.55371466e-03, -2.51680682e-03,
       -3.10437498e-03, 5.15084248e-03, 1.17832320e-02, -1.70797277e-02,
       -5.08223411e-06, 1.80968270e-02, 2.62393411e-02, -1.07085463e-02,
       -2.09992174e-02, -1.06406929e-02, -2.65302472e-02,
       -6.70062471e-03, -4.10183100e-03, -8.71000160e-03,
       -7.61545822e-03, 2.19237581e-02, 1.04541844e-02, 7.77360285e-03,
       -1.41670636e-03, -2.48838942e-02, -2.30737100e-03, 3.32528586e-03,
       1.84578151e-02, -1.87175050e-02, 6.09729579e-03, 7.14532984e-03,
       -9.65489354e-03, -1.86946373e-02, -2.35465020e-02, 1.88035667e-02,
       9.23225097e-03, -9.57221910e-03, -2.47468483e-02, 1.36768110e-02,
       -1.69024039e-02, -6.93703070e-04, 2.72267824e-03, 6.39568549e-03,
       2.10322347e-02, 2.29288042e-02, 1.92828644e-02, -2.84710643e-03,
       2.72969306e-02, 3.99998948e-03, -2.08091713e-03, 1.71088502e-02,
       1.03221321e-02, 4.37272899e-02, 2.49742786e-03, -2.00362932e-02,
       -1.13711059e-02, 5.12245949e-03, -8.03614222e-03, -1.26368124e-02,
       -1.61545556e-02, -1.75787583e-02, 2.83420384e-02, 6.32444816e-03,
       3.83866508e-03, -2.69279070e-02, 1.04572752e-03, -3.66413221e-03,
       -2.12775376e-02, -5.65830851e-04, -4.02054526e-02,
       -2.07779352e-02, 8.33350141e-03, -2.87637301e-02, -3.48292328e-02,
       -2.78933700e-02, -2.05552243e-02, 1.21382242e-02, 1.12157864e-02,
